# LHD#191486 "EUV Short2" t = 5.1s
# column 1 : index of line-of-sight
# column 2 : intensity ( CVI 26.990 Å    )
# column 3 : intensity ( CVI 28.465 Å    )
# column 4 : intensity ( CVI 33.737 Å    )
# column 5 : intensity ( W^{24+} 32.41 Å )
# column 6 : intensity ( W^{25+} 30.88 Å )
# column 7 : intensity ( W^{26+} 29.55 Å )
           1         473         421         588         367         479         435
           2         416         520         390         500         416         589
           3         358         546         420         618         652         591
           4         601         348         462         564         384         493
           5         505         454         614         515         429         368
           6         460         503         510         500         538         574
           7         443         566         472         506         475         523
           8         447         555         613         523         655         535
           9         427         710         614         466         486         562
          10         423         453         478         563         479         759
          11         480         372         494         456         392         419
          12         577         451         583         525         503         825
          13         503         447         492         572         516         611
          14         369         594         566         561         570         395
          15         432         544         512         540         608         463
          16         426         388         529        1527         495         487
          17         517         390         759        1860         529         523
          18         421         360         531         485         469         523
          19         546         431         495         550         548         547
          20         464         364         587         547         577         414
          21         591         515         549         695         464         539
          22         463         664         572         585         471         436
          23         546         668         758         788         519         830
          24         439         505         791         673         567         656
          25         654         605         843         610         563         416
          26         527         492         733         555         608         517
          27         500         524         495         514         536         603
          28         548         503        1005         529         647         565
          29         452         463         550         586         637         548
          30         516         527         566         602         507         537
          31         564         613         605         559         644         506
          32         684         553         632         566         599         711
          33         553         611         683         596         561         599
          34         448         545         819         502         658         466
          35         450         617         928         504         448         603
          36         598         540        1036         466         615         421
          37         635         577         980         627         575         470
          38         580         602        1349         538         496         537
          39         444         587        1292         605         649         562
          40         782         810        1593         657         490         765
          41         507         672        2170         795         551         583
          42         561         673        1892         625         756         461
          43         606         767        2175         578         633         614
          44         793         838        2424         710         618         488
          45         803         832        2610         576         639         785
          46         963         909        2883         795         744         540
          47         848         919        3480         535         555         493
          48         851         984        3793         602         942         737
          49         881        1028        3940         715         575         561
          50        1023         980        4480         656        1052         577
          51        1013        1319        4800         570         757         560
          52         949        1301        5280         769         618         613
          53        1040        1259        5741         633         745         653
          54        1018        1375        5718         629         703         569
          55         891        1277        5860         644         730         711
          56        1037        1336        5981         832         759         673
          57        1046        1532        6632         549         586         613
          58        1032        1358        6831         786         636         601
          59        1075        1688        6807         839         717         673
          60        1052        1820        7257         846         614         660
          61        1278        2034        6946         626         605         932
          62        1413        1881        7283         729         931        2334
          63        1258        1553        7009         668         647         523
          64        1288        1414        7486         706         650         805
          65        1112        1935        7668         657         672         695
          66        1293        1944        8137         589         676         846
          67        1189        1997        8451         702         822         748
          68        1446        1995        8351         659         631         821
          69        1628        1932        8543         790         679         822
          70        1492        1816        9072         858         789         723
          71        1486        1772        9674         686        1100         775
          72        1587        2088        9138         786         635         643
          73        1729        1879        9160         896         753         716
          74        1559        2216       10062         845         810         788
          75        1844        1974        9832         888         920         841
          76        1574        2082        9269         794         771         689
          77        1662        1973        9670         685         832         738
          78        1535        2225        9686         739         742         832
          79        1718        2395       10092         996         750         806
          80        1649        2400       10507         949         729         791
          81        1659        2210       10693         751         864         847
          82        1887        2376       10327         929         798         822
          83        1813        2226       10952        1048         911         698
          84        1879        2270       10861         951         874         717
          85        1992        2354       11672        1007        1018         854
          86        1768        2342       11144        1294         954        1283
          87        2138        2785       11602        1096         953        1047
          88        2098        2864       12616        1406        1252        1034
          89        1894        2620       11943        1076        1000        1066
          90        2169        2957       11780        1234        1054         870
          91        2007        2516       12528        1378        1375        1088
          92        2085        2898       12224        1472        1310        1118
          93        2359        2640       13077        1362        1284        1095
          94        2037        2805       13042        1444        1307        1108
          95        2318        2775       13287        1413        1277        1186
          96        2364        3265       13508        1690        1450        1096
          97        2206        3266       14493        1854        1588        1218
          98        2277        3323       14415        1616        1763        1145
          99        2713        3242       14666        1816        1585        1205
         100        2529        3009       15008        1945        1825        1551
         101        2262        3626       14955        2227        1769        1495
         102        2518        3482       14726        2178        2045        1217
         103        2726        3021       16242        2346        2049        1294
         104        2706        3171       16113        2216        2097        1378
         105        2729        3254       16264        2686        2189        1481
         106        2871        3765       15799        2420        2225        1748
         107        2788        3701       17172        2852        2438        1648
         108        2880        3574       16741        2847        2458        2102
         109        3085        3773       17427        3154        2604        1798
         110        3193        4148       16898        2842        2847        1829
         111        3183        4292       18385        3245        3026        1837
         112        3048        3951       17615        3743        3433        1721
         113        3371        4031       18613        3672        3279        2074
         114        3382        4204       18199        3877        3328        2128
         115        3494        3696       19667        3927        3705        2185
         116        3579        3977       18912        4167        3923        2212
         117        3566        4263       19405        4465        4149        2380
         118        3360        4100       20277        4484        3901        2460
         119        3803        4349       21142        4905        4386        2720
         120        3698        4460       20803        5276        4400        2582
         121        3726        4707       21115        5059        4054        2710
         122        3729        4912       21039        5367        4745        2468
         123        4039        4589       20990        5533        4887        2898
         124        4216        4550       21920        5566        5318        2859
         125        3908        5012       22717        5939        5126        3210
         126        4254        5403       23552        5811        5629        2894
         127        4304        4974       22812        6737        5592        3354
         128        4348        5025       23462        6891        6014        3394
         129        4469        5524       23677        7011        6380        3687
         130        5099        4878       23947        7353        6216        3590
         131        4852        4906       25244        7385        6799        3524
         132        4946        5664       24850        7978        6854        3383
         133        4775        5025       25895        7979        6971        4307
         134        4908        5197       25701        8341        7395        4343
         135        5503        5504       25158        8610        7172        4037
         136        5217        6221       27696        9490        7484        4509
         137        4910        5495       26413        9308        8253        4316
         138        4989        5823       26648        9478        8003        4607
         139        5024        5934       28153       10068        8664        4510
         140        5551        6186       28428        9972        8973        4746
         141        5498        5825       28242       10883        9118        4692
         142        5517        6179       29394       11172        9765        4594
         143        6206        6373       28933       11027        9343        5150
         144        5600        6425       29317       11182        9970        4996
         145        5648        6019       28988       11601       10527        5214
         146        6234        6489       30065       11677       10554        5087
         147        6161        6038       29599       12815       10815        5804
         148        6295        6600       29610       12602       11246        5533
         149        6275        6293       31321       13423       10893        5841
         150        6246        6942       30881       13942       11612        5974
         151        6615        7165       30607       13571       11334        6087
         152        6805        6755       32242       13040       12759        6088
         153        6309        7083       31518       14129       11963        6172
         154        7118        6954       31180       14209       12666        5891
         155        7045        6978       32279       15486       12760        6182
         156        7093        7088       31619       16219       13046        6226
         157        7164        7175       31622       15956       12984        7100
         158        7114        7061       31156       15548       13798        6749
         159        7394        7064       33276       16234       13904        6677
         160        7775        6985       32357       17248       13834        6591
         161        7072        6832       32097       16809       14393        7268
         162        6801        6900       33024       17074       14810        7151
         163        7448        7465       32160       17496       14563        6661
         164        7698        7833       32478       18121       15547        7097
         165        7557        7345       32456       18214       14974        7036
         166        7810        7231       31562       19397       15574        7377
         167        7705        7537       32233       18126       15824        7032
         168        7855        7246       32088       19556       16169        7253
         169        7761        7160       31475       19063       16068        7509
         170        7888        7031       30491       19299       15762        7460
         171        8129        7341       31728       19445       16572        7658
         172        8048        7458       31883       19418       16985        7850
         173        7752        7149       30174       20020       16238        7437
         174        7826        7051       30947       20485       16301        7699
         175        8494        7773       30882       21203       17107        7672
         176        8033        7621       30443       20734       16432        7480
         177        7873        7350       30245       21255       17072        7730
         178        8118        7255       30515       21013       17297        7620
         179        8278        7270       29824       20962       17173        7823
         180        7863        7366       28889       21254       16843        7889
         181        8381        7471       28943       22060       16993        7582
         182        7836        7351       28703       22026       17576        8204
         183        7915        7375       28152       22001       17224        8186
         184        7707        6990       28604       21804       16900        7902
         185        8094        7102       27187       21889       17716        7476
         186        8049        7264       25778       22528       17187        8182
         187        8154        7128       26982       22707       17371        8100
         188        8497        6804       25057       22197       17629        8121
         189        7725        6828       25798       22796       17867        7011
         190        8082        6943       25681       23093       17602        7679
         191        7762        6389       24762       23602       17157        7439
         192        8225        6789       24232       22150       17831        7711
         193        7970        7091       24760       22616       17165        7670
         194        8098        6320       23776       22394       16451        7347
         195        8167        6347       23094       22722       17511        7856
         196        7820        5767       22137       22909       16712        7268
         197        8108        6903       22538       22380       16625        8033
         198        7622        5973       22437       22592       17411        7753
         199        7812        6311       21974       23128       16890        7668
         200        7250        6660       21489       22985       16928        8269
         201        7334        6182       21231       22829       17408        7852
         202        7051        5960       21192       23068       17121        7632
         203        7367        6363       20968       22529       17153        7227
         204        7656        6231       20327       22857       17038        7753
